-0.165739662461
0.0643022548027
-0.0370659294901
0.0393123085566
0.0138161259672
-0.0309316529608
0.000284330858412
0.116235392472
-1.00923308106
-0.966855623173
3.93927316973
-3.40951465111
-0.0306956115183
-2.37858252924
0.0789251022092
-10.996639106
-0.0619093397597
0.0144736515572
-0.0108410940865
-0.016603635277
-0.0248909052025
0.418293478905
0.127035799235
2.45085909153
2.19079822809
-2.96722051101
-1.63478316344
-1.9085505858
0.11799191025
-0.269214985195
-0.0684504525661
-6.60733522809
-4.52318893867
-7.21462598387
-0.110014826539
-0.261185417171
0.0642689491823
-0.0835282673675
0.0402929512225
0.0154838241498
0.00825092357965
-0.0106600305389
-19.1201739433
0.0628055207928
-0.0383663769779
0.0381066714735
0.0124117757629
0.0063768164554
-0.00170449017243
0.121834208226
-0.756927017588
0.635877978732
-3.5391804622
-3.4096674313
0.702400129194
-1.99664460111
0.078677520737
-0.0456720209892
-0.0600497628667
0.0164323572693
-0.00900901229653
-0.133172212334
-0.0184395007718
-0.105399506023
0.10071767777
-0.830144320508
3.2785647548
-2.15418698929
0.0521934222421
-15.6895596244
0.086562371958
0.0317022171194
-0.0662800541548
0.928718504444
-8.30000178092
0.00145301991531
-0.104655560012
-0.0112938000135
0.0131296183033
-0.0771912772655
0.0620210760235
0.0410451929287
-8.14413821376
0.00796807500756
0.0715845305414
0.0413753038317
-2.64206334345
-0.0152203519611
-0.485708120707
0.0184101477829
-15.7229356728
0.0572931041799
0.012595144515
-0.0444766946772
0.00868467789803
0.00575471021459
-0.119270672461
-0.00373294918516
-0.156293943258
0.0872597777418
-7.73680924608
-5.03731119004
-8.59196485297
0.0306718775806
0.0280406324788
0.0931530051822
-5.48352571353
-0.0441883344096
0.0301199384359
0.00694215963947
-2.68245690422
-8.83249795499
-2.22575271603
-5.06060147618
-5.97715613096
-2.49430541145
-4.35821669809
0.0834301951997
0.0809528870103
0.0749042030229
0.0369042201023
-0.0628864296545
0.0117665567412
-0.0122699870182
-6.74034088554
-12.1726200481
-1.05329110571
-0.915816280351
-0.0336474371146
0.0981663329775
-7.73244341662
-9.51433892758
0.0599080180951
0.0804197360435
0.0405632493075
-0.0923346529107
-8.54471193971
-0.00397585790276
-0.0121710573646
-0.201362793831
0.0694053448197
0.0304542162975
-11.3790277128
0.00634393212816
-0.025986197725
-0.0349059119923
-0.055939466335
-1.62668002149
-1.47789046408
0.0973936926488
-1.58134071146
0.0350329900749
0.00647663630058
0.0452782985916
0.068744837483
0.0375253230701
-0.0561269444271
-10.1361548886
-0.0104568650277
-0.0189956238589
-0.0262121361188
0.027224657497
0.647065823864
-6.5757044489
0.111014156349
-2.08999887988
15.6267434584
3.0042657156
-0.0168012235303
-1.98062374695
0.0275185360789
0.0978900390433
-9.39399380975
-7.1149041294
-0.0185307029516
-27.3876664667
-27.3876664667
-27.3876664667
-27.3876664667
-27.3876664667
-27.3876664667
-27.3876664667
0.00440318234679
0.113075682884
-0.800952432329
-1.06444211426
-2.99130186153
-2.56873199572
-2.18702921661
-27.3876664667
-27.3876664667
-27.3876664667
-27.3876664667
-27.3876664667
-27.3876664667
-27.3876664667
0.109485903304
-3.61602867996
-7.69403998816
0.826304971773
0.0413739288508
-0.821303847406
-0.106968553692
-27.3876664667
-27.3876664667
-27.3876664667
-27.3876664667
-27.3876664667
-27.3876664667
-27.3876664667
2.80885689757
-0.610498103945
7.53638647729
2.55627613061
2.86093053492
0.116040666764
0.0141658231183
-27.3876664667
-27.3876664667
-27.3876664667
-27.3876664667
-27.3876664667
-27.3876664667
-27.3876664667
5.3269605007
0.26332171399
-2.79891810463
3.57611127513
7.41152869408
-2.67094682464
0.126430528821
0.0316883647695
-2.02970708035
-8.14201495244
-3.18915502888
0.0346569242047
0.0567401556463
0.0409819307328
0.0709266544503
0.0438572668422
-0.0537815572133
0.0188018450042
-0.0740066207612
-7.00753150748
-0.160113764617
0.0568127949032
0.0234350729766
-0.0649637748254
0.00494817835434
-0.014390258439
-0.0296896725211
-0.0281499954305
0.0886620466795
0.0344466910571
2.63411871696
-0.0296998369273
3.52743988858
-0.0374652542675
11.0132525676
-0.040469667005
0.0454789291192
-0.0361413173371
0.0251404212698
0.0143109930256
0.00795445670074
-0.0111120867434
0.107344280073
-0.0109338902229
0.517571900242
-0.0511839535905
-3.99020120948
0.0490845733632
-0.107223295711
