7
8	0	6	0.081254
15	0	4	0.022894
8	1	7	-10.435030
1	1	7	-4.119691
12	0	7	-0.017924
3	0	3	-0.044556
14	1	3	1.727293
7	1	3	-0.051314
8	0	4	-3.297653
12	4	5	0.031418
12	5	1	-10.133437
10	1	6	0.007404
12	0	5	-9.770865
3	0	5	0.006200
14	1	1	0.089310
7	1	1	0.094008
2	0	5	-5.004417
13	1	2	0.042597
8	0	2	-4.905721
6	0	2	0.040293
10	1	4	-5.531730
3	1	6	0.136623
3	0	7	-0.000928
14	1	7	8.450280
7	1	7	-9.806342
13	1	6	-6.857550
2	0	7	-0.109975
12	4	1	0.109822
12	6	4	-1.403348
15	0	2	0.044653
6	0	4	-0.017686
10	1	2	-3.602288
3	1	4	-5.267204
12	2	4	-1.175336
5	0	6	-0.001319
14	1	5	2.823184
7	1	5	-0.000402
2	0	1	0.118001
12	5	3	-10.133437
4	1	5	-3.640404
6	0	6	0.015615
3	1	2	-2.333586
12	2	6	-4.138125
5	0	4	-1.643201
2	0	3	-0.077584
4	1	7	-16.422981
12	7	2	-10.133437
5	0	2	0.030541
11	0	1	0.070017
9	1	6	-0.015132
4	1	1	-0.095068
12	2	2	0.111589
9	1	7	-0.190640
11	0	3	-0.064828
15	0	6	0.006083
15	1	3	-1.107778
4	1	3	-0.744116
12	7	6	-10.133437
11	0	5	-0.017593
12	5	6	-10.133437
15	1	1	0.107586
10	0	5	-0.032017
12	7	4	-10.133437
14	0	2	0.022442
11	1	6	13.161420
11	0	7	-0.025703
15	1	7	-0.106247
10	0	7	-0.054745
1	0	3	-0.068034
14	0	4	0.002699
11	1	4	0.108173
0	1	2	-2.482144
13	0	6	0.054487
15	1	5	-4.466846
10	0	1	0.070683
1	0	1	0.080007
12	1	5	-10.133437
5	1	5	0.033617
14	0	6	-0.031727
11	1	2	-1.186787
0	1	4	2.015647
13	0	4	-3.719220
4	0	2	-0.046259
10	0	3	-10.105397
1	0	7	-0.024191
12	1	7	-10.133437
5	1	7	0.007645
12	5	7	-10.133437
0	0	7	0.000866
0	1	6	-0.032428
12	6	5	-0.763381
13	0	2	-4.262872
6	1	2	0.011628
1	0	5	-0.017111
12	1	1	-10.133437
5	1	1	-0.006528
0	0	5	0.007619
7	0	5	-6.971741
12	8	3	-5.603216
4	0	6	-0.130848
12	6	3	5.560202
12	1	3	-10.133437
5	1	3	-0.079528
0	0	3	-0.043192
7	0	7	0.027602
12	8	1	4.371814
2	1	7	-0.009609
4	0	4	0.014149
6	1	6	-0.116692
12	3	6	-10.133437
0	0	1	-0.152130
7	0	1	-0.142292
12	8	7	0.124405
2	1	5	0.008749
6	1	4	0.006507
12	3	4	-10.133437
9	0	3	-0.038128
7	0	3	-6.596578
12	8	5	3.717610
2	1	3	-0.086376
8	1	2	0.035665
12	6	2	-3.796451
12	5	4	-10.133437
12	3	2	-10.133437
9	0	1	-5.307561
9	1	3	-0.099909
13	1	5	-0.074949
2	1	1	-0.241343
8	1	4	0.009392
1	1	2	0.125542
12	0	2	-3.560670
9	0	7	0.058415
13	1	7	-0.155131
12	6	7	0.017085
8	0	7	0.080256
8	1	6	-5.232767
1	1	4	-0.643993
12	8	6	-5.658473
3	0	2	0.061738
14	1	2	0.033283
9	0	5	-7.004494
12	4	4	-4.831637
13	1	1	0.072286
8	0	5	-5.566466
15	0	5	0.007880
6	0	1	0.072773
1	1	6	-3.905680
12	0	6	-8.379809
3	0	4	0.035730
12	5	5	-10.133437
7	1	2	-6.450260
13	1	3	-0.061167
8	0	3	-6.230133
15	0	7	-0.010210
6	0	3	-3.052253
10	1	7	0.045473
3	1	7	-3.357876
12	0	4	0.095365
3	0	6	0.004570
14	1	6	-0.038006
2	0	4	-6.997805
12	6	6	0.113119
8	0	1	-2.257649
15	0	1	-0.034280
6	0	5	-0.445044
10	1	5	0.030236
3	1	5	-3.942221
12	2	5	-4.200981
14	1	4	-0.032092
7	1	6	-2.994553
2	0	6	-6.510821
4	1	4	0.724552
15	0	3	-0.042645
6	0	7	-16.456348
10	1	3	0.087215
3	1	3	-0.868067
12	2	7	-4.134665
5	0	7	-0.100960
7	1	4	0.027710
4	1	6	0.049469
10	1	1	-5.141196
3	1	1	0.121735
12	2	1	0.008243
5	0	5	-9.418192
2	0	2	-1.756739
12	4	3	-9.192098
12	4	7	-0.105834
12	7	3	-10.133437
12	2	3	-1.874029
5	0	3	-0.077243
12	4	6	-3.564863
11	0	2	0.036429
4	1	2	0.099546
12	7	1	-10.133437
14	0	1	0.058587
5	0	1	0.087285
11	0	4	-7.932469
15	1	2	-0.012575
12	7	7	-10.133437
14	0	3	-0.070979
11	1	7	-1.114978
11	0	6	-0.020785
10	0	4	0.003761
1	0	2	-7.792808
12	7	5	-10.133437
14	0	5	-0.020334
11	1	5	-4.274620
0	1	1	0.116249
9	1	2	0.039401
15	1	6	-0.537495
10	0	6	-0.037288
12	1	4	-10.133437
14	0	7	-0.027305
11	1	3	-8.938269
0	1	3	-0.773573
13	0	7	0.041015
4	0	3	-0.066117
15	1	4	-0.053517
1	0	6	-0.018607
12	1	6	-10.133437
5	1	4	0.059649
11	1	1	0.030670
0	1	5	-3.934409
12	5	2	-10.133437
13	0	5	0.026335
4	0	1	0.079824
10	0	2	0.029337
1	0	4	0.012177
5	1	6	-9.061503
0	0	6	-0.032728
7	0	4	-4.023323
0	1	7	-3.759884
13	0	3	-8.567677
4	0	7	-0.018609
6	1	3	-0.050890
9	1	1	0.081372
12	1	2	-10.133437
0	0	4	0.037025
7	0	6	0.028724
12	8	2	-1.763531
2	1	6	0.006285
13	0	1	0.034056
4	0	5	-0.015217
6	1	1	0.059069
5	1	2	0.012399
0	0	2	0.063204
2	1	4	0.037699
6	1	7	-0.003906
12	3	7	-10.133437
9	0	2	-2.147270
7	0	2	0.085994
9	1	5	-0.012491
2	1	2	0.063186
8	1	1	0.076188
1	1	1	-5.065627
6	1	5	-0.000488
12	4	2	-6.050973
12	3	5	-10.133437
12	8	4	-0.690419
8	1	3	-0.069790
1	1	3	-0.802922
12	0	3	0.019236
12	3	3	-10.133437
9	0	6	-10.177527
13	1	4	0.016368
8	1	5	-0.019158
1	1	5	-4.185698
12	0	1	-0.011048
3	0	1	-17.823350
12	3	1	-10.133437
9	0	4	0.095554
12	6	1	-1.625869
9	1	4	-7.160947
